------------------------------------------------------------------------------------------------
@TRAIN-DATASET: ADM1
@TEST-DATASET: ADM1
@Iterations  : 10
@Seeds for each execution: [ 1 ; 7 ; 11 ; 17 ; 33 ; 57 ; 67 ; 113 ; 117 ; 351 ]
@TrainAndTestProportion for each execution: [ 70-30 ; 70-30 ; 70-30 ; 70-30 ; 70-30 ; 70-30 ; 70-30 ; 70-30 ; 70-30 ; 70-30 ]
------------------------------------------------------------------------------------------------
		accura		error 		fmeasu		precis		recall		ROC		
------------------------------------------------------------------------------------------------
fold1:		91,4286		8,5714		0,9085		0,9252		0,8925		0,8833		
fold2:		92,8571		7,1429		0,9243		0,9212		0,9274		0,9248		
fold3:		95,7143		4,2857		0,9550		0,9681		0,9423		0,9729		
fold4:		92,8571		7,1429		0,9311		0,9194		0,9432		0,9454		
fold5:		92,8571		7,1429		0,9236		0,9357		0,9117		0,9480		
fold6:		98,5714		1,4286		0,9850		0,9815		0,9886		0,9926		
fold7:		90,0000		10,0000		0,8936		0,9150		0,8733		0,9165		
fold8:		95,7143		4,2857		0,9540		0,9578		0,9502		0,9414		
fold9:		92,8571		7,1429		0,9231		0,9267		0,9196		0,9489		
fold10:		94,2857		5,7143		0,9387		0,9466		0,9309		0,9515		

------------------------------------------------------------------------------------------------
AVERAG		93,7143		6,2857		0,9337		0,9397		0,9280		0,9425		
------------------------------------------------------------------------------------------------
------------------------------------------------------------------------------------------------
BEGIN: 	13/06/2020 10:12:04.997
END: 	13/06/2020 10:12:05.023

TIME ELAPSED:	26
------------------------------------------------------------------------------------------------

