------------------------------------------------------------------------------------------------
@TRAIN-DATASET: ADM1
@TEST-DATASET: ADM1
@Iterations  : 10
@Seeds for each execution: [ 1 ; 7 ; 11 ; 17 ; 33 ; 57 ; 67 ; 113 ; 117 ; 351 ]
@TrainAndTestProportion for each execution: [ 50-50 ; 50-50 ; 50-50 ; 50-50 ; 50-50 ; 50-50 ; 50-50 ; 50-50 ; 50-50 ; 50-50 ]
------------------------------------------------------------------------------------------------
		accura		error 		fmeasu		precis		recall		ROC		
------------------------------------------------------------------------------------------------
fold1:		95,7265		4,2735		0,9539		0,9562		0,9516		0,9808		
fold2:		90,5983		9,4017		0,9054		0,8951		0,9159		0,9307		
fold3:		95,7265		4,2735		0,9543		0,9522		0,9565		0,9689		
fold4:		91,4530		8,5470		0,9131		0,9037		0,9227		0,9379		
fold5:		96,5812		3,4188		0,9639		0,9597		0,9681		0,9841		
fold6:		96,5812		3,4188		0,9632		0,9632		0,9632		0,9904		
fold7:		89,7436		10,2564		0,9010		0,8884		0,9140		0,9392		
fold8:		90,5983		9,4017		0,9009		0,8957		0,9062		0,9203		
fold9:		96,5812		3,4188		0,9639		0,9597		0,9681		0,9818		
fold10:		94,0171		5,9829		0,9360		0,9489		0,9235		0,9327		

------------------------------------------------------------------------------------------------
AVERAG		93,7607		6,2393		0,9356		0,9323		0,9390		0,9567		
------------------------------------------------------------------------------------------------
------------------------------------------------------------------------------------------------
BEGIN: 	13/06/2020 10:12:06.559
END: 	13/06/2020 10:12:06.566

TIME ELAPSED:	7
------------------------------------------------------------------------------------------------

