------------------------------------------------------------------------------------------------
@TRAIN-DATASET: ADM2
@TEST-DATASET: ADM1
@Iterations  : 10
@Seeds for each execution: [ 1 ; 7 ; 11 ; 17 ; 33 ; 57 ; 67 ; 113 ; 117 ; 351 ]
@TrainAndTestProportion for each execution: [ 50-50 ; 50-50 ; 50-50 ; 50-50 ; 50-50 ; 50-50 ; 50-50 ; 50-50 ; 50-50 ; 50-50 ]
------------------------------------------------------------------------------------------------
		accura		error 		fmeasu		precis		recall		ROC		
------------------------------------------------------------------------------------------------
fold1:		65,8120		34,1880		0,6066		0,6844		0,5446		0,6798		
fold2:		70,0855		29,9145		0,6867		0,6830		0,6904		0,6708		
fold3:		70,0855		29,9145		0,6587		0,6935		0,6271		0,7068		
fold4:		67,5214		32,4786		0,6358		0,7222		0,5679		0,6738		
fold5:		74,3590		25,6410		0,7128		0,7371		0,6901		0,6867		
fold6:		76,0684		23,9316		0,7368		0,7854		0,6939		0,6871		
fold7:		71,7949		28,2051		0,7130		0,8458		0,6163		0,6570		
fold8:		70,9402		29,0598		0,6776		0,7480		0,6193		0,5049		
fold9:		67,5214		32,4786		0,6307		0,6454		0,6166		0,6897		
fold10:		76,9231		23,0769		0,7449		0,7830		0,7104		0,7244		

------------------------------------------------------------------------------------------------
AVERAG		71,1111		28,8889		0,6804		0,7328		0,6377		0,6681		
------------------------------------------------------------------------------------------------
------------------------------------------------------------------------------------------------
BEGIN: 	13/06/2020 10:12:06.956
END: 	13/06/2020 10:12:06.961

TIME ELAPSED:	5
------------------------------------------------------------------------------------------------

