------------------------------------------------------------------------------------------------
@TRAIN-DATASET: dataset_001_1000_inst_uniq_14_class
@TEST-DATASET: dataset_001_uniq_65_inst_random
@Iterations  : 10
------------------------------------------------------------------------------------------------
			accura		error 		fmeasu		precis		recall		ROC		
------------------------------------------------------------------------------------------------
fold1:		28,5714		71,4286		0,1224		0,1429		0,1071		0,7571		
fold2:		0,0000		100,000		0,0000		0,0000		0,0000		0,4405		
fold3:		42,8571		57,1429		0,1467		0,1667		0,1310		0,7643		
fold4:		14,2857		85,7143		0,0714		0,0714		0,0714		0,5548		
fold5:		50,0000		50,0000		0,1071		0,1071		0,1071		0,7083		
fold6:		0,0000		100,000		0,0000		0,0000		0,0000		0,3667		
fold7:		16,6667		83,3333		0,0714		0,0714		0,0714		0,6917		
fold8:		16,6667		83,3333		0,0714		0,0714		0,0714		0,6167		
fold9:		16,6667		83,3333		0,0476		0,0714		0,0357		0,5708		
fold10:		33,3333		66,6667		0,1429		0,1429		0,1429		0,5667		

------------------------------------------------------------------------------------------------
AVERAG		21,9048		78,0952		0,0781		0,0845		0,0738		0,6038		
------------------------------------------------------------------------------------------------
------------------------------------------------------------------------------------------------
BEGIN: 	14/12/2022 00:47:10.726
END: 	14/12/2022 00:47:10.744

TIME ELAPSED:	18
------------------------------------------------------------------------------------------------

