------------------------------------------------------------------------------------------------
@TRAIN-DATASET: ADM1
@TEST-DATASET: ADM2
@Iterations  : 10
@Seeds for each execution: [ 1 ; 7 ; 11 ; 17 ; 33 ; 57 ; 67 ; 113 ; 117 ; 351 ]
@TrainAndTestProportion for each execution: [ 50-50 ; 50-50 ; 50-50 ; 50-50 ; 50-50 ; 50-50 ; 50-50 ; 50-50 ; 50-50 ; 50-50 ]
------------------------------------------------------------------------------------------------
		accura		error 		fmeasu		precis		recall		ROC		
------------------------------------------------------------------------------------------------
fold1:		40,0000		60,0000		0,6011		0,5937		0,6086		0,5884		
fold2:		65,2632		34,7368		0,6766		0,6367		0,7219		0,7219		
fold3:		81,0526		18,9474		0,7571		0,7201		0,7980		0,8023		
fold4:		41,0526		58,9474		0,5839		0,5743		0,5938		0,6840		
fold5:		29,4737		70,5263		0,5847		0,6059		0,5649		0,5649		
fold6:		64,2105		35,7895		0,6059		0,5833		0,6302		0,6223		
fold7:		65,2632		34,7368		0,6931		0,6494		0,7431		0,7673		
fold8:		74,7368		25,2632		0,6687		0,6442		0,6952		0,6952		
fold9:		72,6316		27,3684		0,7007		0,6605		0,7460		0,7644		
fold10:		49,4737		50,5263		0,6409		0,6167		0,6670		0,6887		

------------------------------------------------------------------------------------------------
AVERAG		58,3158		41,6842		0,6513		0,6285		0,6769		0,6899		
------------------------------------------------------------------------------------------------
------------------------------------------------------------------------------------------------
BEGIN: 	13/06/2020 10:12:06.819
END: 	13/06/2020 10:12:06.829

TIME ELAPSED:	10
------------------------------------------------------------------------------------------------

