------------------------------------------------------------------------------------------------
@TRAIN-DATASET: ADM1
@TEST-DATASET: ADM2
@Iterations  : 10
@Seeds for each execution: [ 1 ; 7 ; 11 ; 17 ; 33 ; 57 ; 67 ; 113 ; 117 ; 351 ]
@TrainAndTestProportion for each execution: [ 70-30 ; 70-30 ; 70-30 ; 70-30 ; 70-30 ; 70-30 ; 70-30 ; 70-30 ; 70-30 ; 70-30 ]
------------------------------------------------------------------------------------------------
		accura		error 		fmeasu		precis		recall		ROC		
------------------------------------------------------------------------------------------------
fold1:		78,5714		21,4286		0,7405		0,6959		0,7913		0,7739		
fold2:		69,6429		30,3571		0,6871		0,6436		0,7370		0,7109		
fold3:		75,0000		25,0000		0,7446		0,6898		0,8087		0,8174		
fold4:		57,1429		42,8571		0,6261		0,5949		0,6609		0,6500		
fold5:		73,2143		26,7857		0,6516		0,6252		0,6804		0,6087		
fold6:		64,2857		35,7143		0,6008		0,5775		0,6261		0,6196		
fold7:		82,1429		17,8571		0,7903		0,7368		0,8522		0,8707		
fold8:		69,6429		30,3571		0,6587		0,6238		0,6978		0,6598		
fold9:		67,8571		32,1429		0,6777		0,6354		0,7261		0,6826		
fold10:		76,7857		23,2143		0,7288		0,6835		0,7804		0,8293		

------------------------------------------------------------------------------------------------
AVERAG		71,4286		28,5714		0,6906		0,6507		0,7361		0,7223		
------------------------------------------------------------------------------------------------
------------------------------------------------------------------------------------------------
BEGIN: 	13/06/2020 10:12:05.587
END: 	13/06/2020 10:12:05.617

TIME ELAPSED:	30
------------------------------------------------------------------------------------------------

