------------------------------------------------------------------------------------------------
@TRAIN-DATASET: ADM2
@TEST-DATASET: ADM2
@Iterations  : 10
@Seeds for each execution: [ 1 ; 7 ; 11 ; 17 ; 33 ; 57 ; 67 ; 113 ; 117 ; 351 ]
@TrainAndTestProportion for each execution: [ 70-30 ; 70-30 ; 70-30 ; 70-30 ; 70-30 ; 70-30 ; 70-30 ; 70-30 ; 70-30 ; 70-30 ]
------------------------------------------------------------------------------------------------
		accura		error 		fmeasu		precis		recall		ROC		
------------------------------------------------------------------------------------------------
fold1:		85,7143		14,2857		0,7136		0,8077		0,6391		0,7348		
fold2:		94,6429		5,3571		0,9058		0,9232		0,8891		0,9022		
fold3:		94,6429		5,3571		0,9242		0,8846		0,9674		0,9685		
fold4:		83,9286		16,0714		0,6948		0,7245		0,6674		0,5717		
fold5:		94,6429		5,3571		0,9058		0,9694		0,8500		0,8913		
fold6:		83,9286		16,0714		0,6629		0,7579		0,5891		0,6674		
fold7:		94,6429		5,3571		0,9058		0,9232		0,8891		0,9337		
fold8:		92,8571		7,1429		0,8727		0,9600		0,8000		0,7935		
fold9:		94,6429		5,3571		0,9058		0,9694		0,8500		0,8565		
fold10:		91,0714		8,9286		0,8355		0,8878		0,7891		0,8326		

------------------------------------------------------------------------------------------------
AVERAG		91,0714		8,9286		0,8327		0,8808		0,7930		0,8152		
------------------------------------------------------------------------------------------------
------------------------------------------------------------------------------------------------
BEGIN: 	13/06/2020 10:12:06.347
END: 	13/06/2020 10:12:06.362

TIME ELAPSED:	15
------------------------------------------------------------------------------------------------

