------------------------------------------------------------------------------------------------
@TRAIN-DATASET: ADM2
@TEST-DATASET: ADM1
@Iterations  : 10
@Seeds for each execution: [ 1 ; 7 ; 11 ; 17 ; 33 ; 57 ; 67 ; 113 ; 117 ; 351 ]
@TrainAndTestProportion for each execution: [ 70-30 ; 70-30 ; 70-30 ; 70-30 ; 70-30 ; 70-30 ; 70-30 ; 70-30 ; 70-30 ; 70-30 ]
------------------------------------------------------------------------------------------------
		accura		error 		fmeasu		precis		recall		ROC		
------------------------------------------------------------------------------------------------
fold1:		70,0000		30,0000		0,6605		0,6970		0,6276		0,6906		
fold2:		74,2857		25,7143		0,7207		0,7246		0,7168		0,6823		
fold3:		68,5714		31,4286		0,6538		0,6600		0,6477		0,6748		
fold4:		70,0000		30,0000		0,6621		0,6820		0,6434		0,6110		
fold5:		72,8571		27,1429		0,7030		0,7650		0,6503		0,6731		
fold6:		80,0000		20,0000		0,7844		0,8264		0,7465		0,8217		
fold7:		71,4286		28,5714		0,6789		0,7049		0,6547		0,6862		
fold8:		78,5714		21,4286		0,7655		0,7986		0,7351		0,7500		
fold9:		68,5714		31,4286		0,6818		0,8333		0,5769		0,6503		
fold10:		78,5714		21,4286		0,7745		0,8387		0,7194		0,7382		

------------------------------------------------------------------------------------------------
AVERAG		73,2857		26,7143		0,7085		0,7531		0,6719		0,6978		
------------------------------------------------------------------------------------------------
------------------------------------------------------------------------------------------------
BEGIN: 	13/06/2020 10:12:06.016
END: 	13/06/2020 10:12:06.044

TIME ELAPSED:	28
------------------------------------------------------------------------------------------------

