------------------------------------------------------------------------------------------------
@TRAIN-DATASET: ADM2
@TEST-DATASET: ADM2
@Iterations  : 10
@Seeds for each execution: [ 1 ; 7 ; 11 ; 17 ; 33 ; 57 ; 67 ; 113 ; 117 ; 351 ]
@TrainAndTestProportion for each execution: [ 50-50 ; 50-50 ; 50-50 ; 50-50 ; 50-50 ; 50-50 ; 50-50 ; 50-50 ; 50-50 ; 50-50 ]
------------------------------------------------------------------------------------------------
		accura		error 		fmeasu		precis		recall		ROC		
------------------------------------------------------------------------------------------------
fold1:		87,3684		12,6316		0,7775		0,9326		0,6667		0,8135		
fold2:		96,8421		3,1579		0,9538		0,9286		0,9805		0,9928		
fold3:		90,5263		9,4737		0,8342		0,8804		0,7926		0,8817		
fold4:		91,5789		8,4211		0,8565		0,9529		0,7778		0,8149		
fold5:		87,3684		12,6316		0,8132		0,7908		0,8369		0,8413		
fold6:		90,5263		9,4737		0,8342		0,8804		0,7926		0,8182		
fold7:		92,6316		7,3684		0,8753		0,9583		0,8056		0,8546		
fold8:		92,6316		7,3684		0,8731		0,9250		0,8268		0,8348		
fold9:		95,7895		4,2105		0,9315		0,9315		0,9315		0,9776		
fold10:		95,7895		4,2105		0,9295		0,9498		0,9102		0,9383		

------------------------------------------------------------------------------------------------
AVERAG		92,1053		7,8947		0,8679		0,9130		0,8321		0,8768		
------------------------------------------------------------------------------------------------
------------------------------------------------------------------------------------------------
BEGIN: 	13/06/2020 10:12:07.125
END: 	13/06/2020 10:12:07.128

TIME ELAPSED:	3
------------------------------------------------------------------------------------------------

